,carat,depth,table,price,x,y,z
carat,1.0,0.02786088988604045,0.18109110520764224,0.9215483214030162,0.9753796376444227,0.951908406507332,0.9535419924501989
depth,0.02786088988604045,1.0,-0.2976691225286014,-0.011047521867952178,-0.02534832054165634,-0.029389122919680107,0.09475724793583404
table,0.18109110520764224,-0.2976691225286014,1.0,0.12656608744342743,0.19485492285832526,0.18323095190618846,0.1502703192128784
price,0.9215483214030162,-0.011047521867952178,0.12656608744342743,1.0,0.88450403751755,0.8653952444044999,0.8612077326584772
x,0.9753796376444227,-0.02534832054165634,0.19485492285832526,0.88450403751755,1.0,0.9745922289703873,0.9706862032534104
y,0.951908406507332,-0.029389122919680107,0.18323095190618846,0.8653952444044999,0.9745922289703873,1.0,0.9518439491151917
z,0.9535419924501989,0.09475724793583404,0.1502703192128784,0.8612077326584772,0.9706862032534104,0.9518439491151917,1.0
