,carat,depth,table,price,x,y,z
carat,1.0,0.030288367523009004,0.19416628822632137,0.9629237103605653,0.996161316027518,0.995614499218142,0.9932554165694383
depth,0.030288367523009004,1.0,-0.24519443610160432,0.010180992547264225,-0.02327299774519407,-0.0252468991419927,0.10365133135920004
table,0.19416628822632137,-0.24519443610160432,1.0,0.17102534698069036,0.2014660593625918,0.19495182095321803,0.15910469115125705
price,0.9629237103605653,0.010180992547264225,0.17102534698069036,1.0,0.9632599234537772,0.9627883524929848,0.9573092469126283
x,0.996161316027518,-0.02327299774519407,0.2014660593625918,0.9632599234537772,1.0,0.9978926871145888,0.9873662068242928
y,0.995614499218142,-0.0252468991419927,0.19495182095321803,0.9627883524929848,0.9978926871145888,1.0,0.9870809377475049
z,0.9932554165694383,0.10365133135920004,0.15910469115125705,0.9573092469126283,0.9873662068242928,0.9870809377475049,1.0
